 cpus | workers | freq in MHz | input in MB | time in s | current in mA
------+---------+-------------+-------------+-----------+---------------
    1 |       0 |         100 |           0 |     0.000 |        382.53
    1 |       0 |         120 |           0 |     0.000 |        383.38
    1 |       0 |         140 |           0 |     0.000 |        382.56
    1 |       0 |         160 |           0 |     0.000 |        382.43
    1 |       0 |         180 |           0 |     0.000 |        383.04
    1 |       0 |         200 |           0 |     0.000 |        382.51
    1 |       0 |         220 |           0 |     0.000 |        383.03
    1 |       0 |         240 |           0 |     0.000 |        382.56
    1 |       0 |         260 |           0 |     0.000 |        382.99
    1 |       0 |         280 |           0 |     0.000 |        383.45
    1 |       0 |         300 |           0 |     0.000 |        381.68
    1 |       0 |         320 |           0 |     0.000 |        382.28
    1 |       0 |         340 |           0 |     0.000 |        383.91
    1 |       0 |         360 |           0 |     0.000 |        383.33
    1 |       0 |         380 |           0 |     0.000 |        382.94
    1 |       0 |         400 |           0 |     0.000 |        384.16
    1 |       0 |         420 |           0 |     0.000 |        382.38
    1 |       0 |         440 |           0 |     0.000 |        383.51
    1 |       0 |         460 |           0 |     0.000 |        383.41
    1 |       0 |         480 |           0 |     0.000 |        383.64
    1 |       0 |         500 |           0 |     0.000 |        382.95
    1 |       0 |         520 |           0 |     0.000 |        384.02
    1 |       0 |         540 |           0 |     0.000 |        384.11
    1 |       0 |         560 |           0 |     0.000 |        382.73
    1 |       0 |         580 |           0 |     0.000 |        383.21
    1 |       0 |         600 |           0 |     0.000 |        383.48
    1 |       0 |         620 |           0 |     0.000 |        383.01
    1 |       0 |         640 |           0 |     0.000 |        382.77
    1 |       0 |         660 |           0 |     0.000 |        384.23
    1 |       0 |         680 |           0 |     0.000 |        383.55
    1 |       0 |         700 |           0 |     0.000 |        384.46
    1 |       0 |         100 |          25 |   163.186 |        385.96
    1 |       0 |         120 |          25 |   133.284 |        387.98
    1 |       0 |         140 |          25 |   111.005 |        390.25
    1 |       0 |         160 |          25 |    96.819 |        390.10
    1 |       0 |         180 |          25 |    84.815 |        392.08
    1 |       0 |         200 |          25 |    76.227 |        392.79
    1 |       0 |         220 |          25 |    67.884 |        394.96
    1 |       0 |         240 |          25 |    63.203 |        395.76
    1 |       0 |         260 |          25 |    57.237 |        396.72
    1 |       0 |         280 |          25 |    53.400 |        398.79
    1 |       0 |         300 |          25 |    50.101 |        401.43
    1 |       0 |         320 |          25 |    47.874 |        400.14
    1 |       0 |         340 |          25 |    44.264 |        403.26
    1 |       0 |         360 |          25 |    41.494 |        404.23
    1 |       0 |         380 |          25 |    39.550 |        404.62
    1 |       0 |         400 |          25 |    38.066 |        405.70
    1 |       0 |         420 |          25 |    37.025 |        406.32
    1 |       0 |         440 |          25 |    34.707 |        409.39
    1 |       0 |         460 |          25 |    33.487 |        411.53
    1 |       0 |         480 |          25 |    32.116 |        410.82
    1 |       0 |         500 |          25 |    31.119 |        413.23
    1 |       0 |         520 |          25 |    30.651 |        414.44
    1 |       0 |         540 |          25 |    29.151 |        416.32
    1 |       0 |         560 |          25 |    28.489 |        417.54
    1 |       0 |         580 |          25 |    28.134 |        420.84
    1 |       0 |         600 |          25 |    26.230 |        423.07
    1 |       0 |         620 |          25 |    25.851 |        422.44
    1 |       0 |         640 |          25 |    24.780 |        423.67
    1 |       0 |         660 |          25 |    25.111 |        426.30
    1 |       0 |         680 |          25 |    23.703 |        428.14
    1 |       0 |         700 |          25 |    23.304 |        427.96
