 cpus | workers | freq in MHz | input in MB | time in s | current in mA
------+---------+-------------+-------------+-----------+---------------
    1 |       0 |          30 |           0 |     0.000 |        229.37
    1 |       0 |          48 |           0 |     0.000 |        234.14
    1 |       0 |          60 |           0 |     0.000 |        230.56
    1 |       0 |          72 |           0 |     0.000 |        231.57
    1 |       0 |          84 |           0 |     0.000 |        232.69
    1 |       0 |          96 |           0 |     0.000 |        233.89
    1 |       0 |         120 |           0 |     0.000 |        230.22
    1 |       0 |         132 |           0 |     0.000 |        230.64
    1 |       0 |         144 |           0 |     0.000 |        231.59
    1 |       0 |         156 |           0 |     0.000 |        232.67
    1 |       0 |         168 |           0 |     0.000 |        233.05
    1 |       0 |         180 |           0 |     0.000 |        233.78
    1 |       0 |         192 |           0 |     0.000 |        233.62
    1 |       0 |         240 |           0 |     0.000 |        229.16
    1 |       0 |         264 |           0 |     0.000 |        231.30
    1 |       0 |         288 |           0 |     0.000 |        231.53
    1 |       0 |         336 |           0 |     0.000 |        232.24
    1 |       0 |         360 |           0 |     0.000 |        233.96
    1 |       0 |         384 |           0 |     0.000 |        234.13
    1 |       0 |         408 |           0 |     0.000 |        234.41
    1 |       0 |         480 |           0 |     0.000 |        234.77
    1 |       0 |         528 |           0 |     0.000 |        234.37
    1 |       0 |         600 |           0 |     0.000 |        241.13
    1 |       0 |         648 |           0 |     0.000 |        242.94
    1 |       0 |         672 |           0 |     0.000 |        244.11
    1 |       0 |         696 |           0 |     0.000 |        244.67
    1 |       0 |         720 |           0 |     0.000 |        245.31
    1 |       0 |         744 |           0 |     0.000 |        255.74
    1 |       0 |         768 |           0 |     0.000 |        258.32
    1 |       0 |         816 |           0 |     0.000 |        259.35
    1 |       0 |         864 |           0 |     0.000 |        262.26
    1 |       0 |         912 |           0 |     0.000 |        272.38
    1 |       0 |         960 |           0 |     0.000 |        274.01
    1 |       0 |        1008 |           0 |     0.000 |        275.57
    2 |       0 |          30 |           0 |     0.000 |        224.46
    2 |       0 |          48 |           0 |     0.000 |        225.93
    2 |       0 |          60 |           0 |     0.000 |        224.67
    2 |       0 |          72 |           0 |     0.000 |        225.03
    2 |       0 |          84 |           0 |     0.000 |        225.14
    2 |       0 |          96 |           0 |     0.000 |        226.17
    2 |       0 |         120 |           0 |     0.000 |        224.54
    2 |       0 |         132 |           0 |     0.000 |        224.64
    2 |       0 |         144 |           0 |     0.000 |        225.11
    2 |       0 |         156 |           0 |     0.000 |        224.82
    2 |       0 |         168 |           0 |     0.000 |        224.53
    2 |       0 |         180 |           0 |     0.000 |        224.80
    2 |       0 |         192 |           0 |     0.000 |        226.24
    2 |       0 |         240 |           0 |     0.000 |        223.34
    2 |       0 |         264 |           0 |     0.000 |        224.67
    2 |       0 |         288 |           0 |     0.000 |        224.95
    2 |       0 |         336 |           0 |     0.000 |        226.44
    2 |       0 |         360 |           0 |     0.000 |        226.23
    2 |       0 |         384 |           0 |     0.000 |        226.08
    2 |       0 |         408 |           0 |     0.000 |        227.19
    2 |       0 |         480 |           0 |     0.000 |        227.05
    2 |       0 |         528 |           0 |     0.000 |        227.29
    2 |       0 |         600 |           0 |     0.000 |        230.64
    2 |       0 |         648 |           0 |     0.000 |        232.15
    2 |       0 |         672 |           0 |     0.000 |        232.04
    2 |       0 |         696 |           0 |     0.000 |        231.61
    2 |       0 |         720 |           0 |     0.000 |        232.10
    2 |       0 |         744 |           0 |     0.000 |        233.66
    2 |       0 |         768 |           0 |     0.000 |        233.99
    2 |       0 |         816 |           0 |     0.000 |        233.40
    2 |       0 |         864 |           0 |     0.000 |        233.53
    2 |       0 |         912 |           0 |     0.000 |        234.34
    2 |       0 |         960 |           0 |     0.000 |        235.74
    2 |       0 |        1008 |           0 |     0.000 |        236.53
    1 |       0 |          30 |          25 |    42.668 |        241.62
    1 |       0 |          48 |          25 |    26.381 |        255.80
    1 |       0 |          60 |          25 |    42.680 |        241.08
    1 |       0 |          72 |          25 |    35.323 |        245.18
    1 |       0 |          84 |          25 |    30.170 |        250.54
    1 |       0 |          96 |          25 |    26.368 |        256.52
    1 |       0 |         120 |          25 |    42.586 |        241.31
    1 |       0 |         132 |          25 |    38.671 |        242.97
    1 |       0 |         144 |          25 |    35.331 |        244.97
    1 |       0 |         156 |          25 |    32.581 |        247.03
    1 |       0 |         168 |          25 |    30.183 |        250.45
    1 |       0 |         180 |          25 |    28.147 |        253.32
    1 |       0 |         192 |          25 |    26.366 |        256.65
    1 |       0 |         204 |          25 |    24.851 |        258.63
    1 |       0 |         216 |          25 |    23.427 |        262.33
    1 |       0 |         240 |          25 |    42.635 |        240.75
    1 |       0 |         264 |          25 |    38.593 |        242.92
    1 |       0 |         288 |          25 |    35.385 |        244.83
    1 |       0 |         336 |          25 |    30.157 |        254.79
    1 |       0 |         360 |          25 |    28.166 |        257.79
    1 |       0 |         384 |          25 |    26.385 |        261.30
    1 |       0 |         408 |          25 |    24.848 |        263.50
    1 |       0 |         480 |          25 |    21.356 |        270.18
    1 |       0 |         528 |          25 |    19.509 |        267.02
    1 |       0 |         600 |          25 |    17.208 |        289.85
    1 |       0 |         648 |          25 |    16.023 |        294.63
    1 |       0 |         672 |          25 |    15.479 |        298.13
    1 |       0 |         696 |          25 |    14.963 |        299.51
    1 |       0 |         720 |          25 |    14.527 |        301.78
    1 |       0 |         744 |          25 |    14.043 |        315.61
    1 |       0 |         768 |          25 |    13.624 |        313.63
    1 |       0 |         816 |          25 |    14.447 |        327.52
    1 |       0 |         864 |          25 |    12.338 |        329.97
    1 |       0 |         912 |          25 |    11.722 |        357.32
    1 |       0 |         960 |          25 |    11.219 |        380.26
    1 |       0 |        1008 |          25 |    10.701 |        384.39
    2 |       0 |          30 |          25 |    39.523 |        237.51
    2 |       0 |          48 |          25 |    25.172 |        246.06
    2 |       0 |          60 |          25 |    40.572 |        236.48
    2 |       0 |          72 |          25 |    33.184 |        239.88
    2 |       0 |          84 |          25 |    28.578 |        243.79
    2 |       0 |          96 |          25 |    25.542 |        246.76
    2 |       0 |         120 |          25 |    40.550 |        236.62
    2 |       0 |         132 |          25 |    37.859 |        237.97
    2 |       0 |         144 |          25 |    33.898 |        239.16
    2 |       0 |         156 |          25 |    31.259 |        241.42
    2 |       0 |         168 |          25 |    29.117 |        243.43
    2 |       0 |         180 |          25 |    27.190 |        244.59
    2 |       0 |         192 |          25 |    25.174 |        246.78
    2 |       0 |         204 |          25 |    24.507 |        247.69
    2 |       0 |         216 |          25 |    23.165 |        249.77
    2 |       0 |         240 |          25 |    39.673 |        236.57
    2 |       0 |         264 |          25 |    36.969 |        237.97
    2 |       0 |         288 |          25 |    33.878 |        239.55
    2 |       0 |         336 |          25 |    29.157 |        245.57
    2 |       0 |         360 |          25 |    27.211 |        247.08
    2 |       0 |         384 |          25 |    25.965 |        248.29
    2 |       0 |         408 |          25 |    24.106 |        251.85
    2 |       0 |         480 |          25 |    20.813 |        257.33
    2 |       0 |         528 |          25 |    18.810 |        269.26
    2 |       0 |         600 |          25 |    16.909 |        274.06
    2 |       0 |         648 |          25 |    15.701 |        274.57
    2 |       0 |         672 |          25 |    15.013 |        276.55
    2 |       0 |         696 |          25 |    14.657 |        279.28
    2 |       0 |         720 |          25 |    14.078 |        280.50
    2 |       0 |         744 |          25 |    13.670 |        297.26
    2 |       0 |         768 |          25 |    13.395 |        299.06
    2 |       0 |         816 |          25 |    12.559 |        303.38
    2 |       0 |         864 |          25 |    12.119 |        304.25
    2 |       0 |         912 |          25 |    11.457 |        321.06
    2 |       0 |         960 |          25 |    11.012 |        338.16
    2 |       0 |        1008 |          25 |    10.490 |        341.79
    1 |       0 |          30 |          50 |    87.122 |        241.18
    1 |       0 |          48 |          50 |    54.036 |        256.58
    1 |       0 |          60 |          50 |    87.083 |        241.21
    1 |       0 |          72 |          50 |    72.237 |        245.16
    1 |       0 |          84 |          50 |    61.871 |        249.97
    1 |       0 |          96 |          50 |    54.118 |        256.75
    1 |       0 |         120 |          50 |    87.065 |        241.36
    1 |       0 |         132 |          50 |    79.025 |        243.21
    1 |       0 |         144 |          50 |    72.289 |        245.27
    1 |       0 |         156 |          50 |    66.481 |        247.67
    1 |       0 |         168 |          50 |    61.686 |        249.90
    1 |       0 |         180 |          50 |    57.685 |        253.42
    1 |       0 |         192 |          50 |    54.176 |        256.68
    1 |       0 |         204 |          50 |    50.994 |        259.05
    1 |       0 |         216 |          50 |    48.218 |        262.00
    1 |       0 |         240 |          50 |    87.169 |        241.08
    1 |       0 |         264 |          50 |    78.947 |        243.33
    1 |       0 |         288 |          50 |    72.494 |        245.32
    1 |       0 |         336 |          50 |    61.859 |        254.42
    1 |       0 |         360 |          50 |    57.666 |        257.79
    1 |       0 |         384 |          50 |    54.045 |        261.63
    1 |       0 |         408 |          50 |    51.040 |        263.87
    1 |       0 |         480 |          50 |    43.997 |        270.29
    1 |       0 |         528 |          50 |    40.108 |        272.75
    1 |       0 |         600 |          50 |    35.479 |        290.88
    1 |       0 |         648 |          50 |    32.999 |        295.17
    1 |       0 |         672 |          50 |    31.908 |        297.38
    1 |       0 |         696 |          50 |    30.854 |        300.66
    1 |       0 |         720 |          50 |    29.938 |        302.50
    1 |       0 |         744 |          50 |    29.143 |        315.96
    1 |       0 |         768 |          50 |    28.204 |        313.04
    1 |       0 |         816 |          50 |    28.681 |        327.48
    1 |       0 |         864 |          50 |    25.597 |        330.34
    1 |       0 |         912 |          50 |    24.331 |        357.96
    1 |       0 |         960 |          50 |    23.228 |        380.57
    1 |       0 |        1008 |          50 |    22.243 |        383.60
    2 |       0 |          30 |          50 |    82.965 |        236.83
    2 |       0 |          48 |          50 |    52.465 |        246.60
    2 |       0 |          60 |          50 |    84.987 |        236.49
    2 |       0 |          72 |          50 |    67.803 |        240.33
    2 |       0 |          84 |          50 |    59.878 |        243.64
    2 |       0 |          96 |          50 |    52.381 |        246.43
    2 |       0 |         120 |          50 |    80.859 |        237.09
    2 |       0 |         132 |          50 |    77.242 |        237.90
    2 |       0 |         144 |          50 |    67.918 |        240.08
    2 |       0 |         156 |          50 |    64.070 |        241.82
    2 |       0 |         168 |          50 |    59.589 |        243.70
    2 |       0 |         180 |          50 |    54.949 |        245.28
    2 |       0 |         192 |          50 |    51.685 |        246.88
    2 |       0 |         204 |          50 |    49.541 |        248.38
    2 |       0 |         216 |          50 |    48.196 |        249.63
    2 |       0 |         240 |          50 |    83.223 |        236.61
    2 |       0 |         264 |          50 |    73.897 |        238.29
    2 |       0 |         288 |          50 |    68.004 |        239.93
    2 |       0 |         336 |          50 |    59.720 |        245.38
    2 |       0 |         360 |          50 |    55.828 |        246.90
    2 |       0 |         384 |          50 |    52.432 |        249.02
    2 |       0 |         408 |          50 |    49.452 |        251.54
    2 |       0 |         480 |          50 |    42.313 |        258.20
    2 |       0 |         528 |          50 |    39.162 |        267.22
    2 |       0 |         600 |          50 |    34.738 |        274.46
    2 |       0 |         648 |          50 |    32.737 |        275.52
    2 |       0 |         672 |          50 |    31.642 |        276.98
    2 |       0 |         696 |          50 |    30.298 |        279.01
    2 |       0 |         720 |          50 |    29.440 |        281.50
    2 |       0 |         744 |          50 |    28.261 |        297.90
    2 |       0 |         768 |          50 |    27.467 |        316.24
    2 |       0 |         816 |          50 |    26.059 |        303.18
    2 |       0 |         864 |          50 |    24.955 |        304.16
    2 |       0 |         912 |          50 |    23.956 |        321.85
    2 |       0 |         960 |          50 |    22.911 |        339.16
    2 |       0 |        1008 |          50 |    21.975 |        343.55
    1 |       0 |          30 |         100 |   173.566 |        241.03
    1 |       0 |          48 |         100 |   107.989 |        256.45
    1 |       0 |          60 |         100 |   173.404 |        241.14
    1 |       0 |          72 |         100 |   143.939 |        245.57
    1 |       0 |          84 |         100 |   123.146 |        250.66
    1 |       0 |          96 |         100 |   107.875 |        256.66
    1 |       0 |         120 |         100 |   173.692 |        241.14
    1 |       0 |         132 |         100 |   157.505 |        243.29
    1 |       0 |         144 |         100 |   144.214 |        245.51
    1 |       0 |         156 |         100 |   132.848 |        247.68
    1 |       0 |         168 |         100 |   123.237 |        250.23
    1 |       0 |         180 |         100 |   115.079 |        253.63
    1 |       0 |         192 |         100 |   107.919 |        256.64
    1 |       0 |         204 |         100 |   101.840 |        259.89
    1 |       0 |         216 |         100 |    96.146 |        262.57
    1 |       0 |         240 |         100 |   173.208 |        241.05
    1 |       0 |         264 |         100 |   157.546 |        243.44
    1 |       0 |         288 |         100 |   144.349 |        245.19
    1 |       0 |         336 |         100 |   123.358 |        255.10
    1 |       0 |         360 |         100 |   115.217 |        258.10
    1 |       0 |         384 |         100 |   107.943 |        261.49
    1 |       0 |         408 |         100 |   101.780 |        264.02
    1 |       0 |         480 |         100 |    88.078 |        270.58
    1 |       0 |         528 |         100 |    80.365 |        273.72
    1 |       0 |         600 |         100 |    71.163 |        290.38
    1 |       0 |         648 |         100 |    66.293 |        295.90
    1 |       0 |         672 |         100 |    64.071 |        298.05
    1 |       0 |         696 |         100 |    62.058 |        300.41
    1 |       0 |         720 |         100 |    60.137 |        302.10
    1 |       0 |         744 |         100 |    58.310 |        315.19
    1 |       0 |         768 |         100 |    64.395 |        321.28
    1 |       0 |         816 |         100 |    53.669 |        324.65
    1 |       0 |         864 |         100 |    51.442 |        330.65
    1 |       0 |         912 |         100 |    49.136 |        358.48
    1 |       0 |         960 |         100 |    46.893 |        380.96
    1 |       0 |        1008 |         100 |    44.877 |        384.02
    2 |       0 |          30 |         100 |   160.898 |        237.21
    2 |       0 |          48 |         100 |   104.581 |        246.87
    2 |       0 |          60 |         100 |   164.506 |        236.92
    2 |       0 |          72 |         100 |   138.331 |        240.03
    2 |       0 |          84 |         100 |   116.643 |        244.02
    2 |       0 |          96 |         100 |   104.610 |        246.68
    2 |       0 |         120 |         100 |   165.305 |        236.88
    2 |       0 |         132 |         100 |   150.811 |        238.45
    2 |       0 |         144 |         100 |   138.393 |        240.05
    2 |       0 |         156 |         100 |   127.945 |        241.80
    2 |       0 |         168 |         100 |   121.268 |        243.54
    2 |       0 |         180 |         100 |   112.385 |        245.22
    2 |       0 |         192 |         100 |   104.809 |        246.63
    2 |       0 |         204 |         100 |    99.008 |        247.97
    2 |       0 |         216 |         100 |    92.340 |        250.74
    2 |       0 |         240 |         100 |   169.176 |        236.57
    2 |       0 |         264 |         100 |   147.164 |        238.39
    2 |       0 |         288 |         100 |   140.198 |        239.60
    2 |       0 |         336 |         100 |   118.912 |        245.62
    2 |       0 |         360 |         100 |   111.172 |        247.32
    2 |       0 |         384 |         100 |   106.413 |        249.19
    2 |       0 |         408 |         100 |    97.287 |        252.36
    2 |       0 |         480 |         100 |    85.835 |        258.25
    2 |       0 |         528 |         100 |    77.489 |        262.33
    2 |       0 |         600 |         100 |    68.989 |        274.60
    2 |       0 |         648 |         100 |    64.921 |        275.78
    2 |       0 |         672 |         100 |    62.132 |        277.99
    2 |       0 |         696 |         100 |    61.018 |        279.19
    2 |       0 |         720 |         100 |    58.564 |        281.31
    2 |       0 |         744 |         100 |    56.746 |        298.44
    2 |       0 |         768 |         100 |    55.225 |        304.18
    2 |       0 |         816 |         100 |    52.371 |        302.60
    2 |       0 |         864 |         100 |    50.641 |        304.36
    2 |       0 |         912 |         100 |    48.626 |        322.30
    2 |       0 |         960 |         100 |    45.867 |        339.50
    2 |       0 |        1008 |         100 |    44.615 |        343.12
    1 |       1 |          30 |          25 |    52.597 |        237.19
    1 |       1 |          48 |          25 |    31.971 |        251.99
    1 |       1 |          60 |          25 |    53.057 |        237.44
    1 |       1 |          72 |          25 |    43.535 |        242.36
    1 |       1 |          84 |          25 |    36.607 |        247.70
    1 |       1 |          96 |          25 |    32.036 |        251.63
    1 |       1 |         120 |          25 |    52.373 |        237.87
    1 |       1 |         132 |          25 |    47.094 |        239.60
    1 |       1 |         144 |          25 |    43.108 |        242.35
    1 |       1 |         156 |          25 |    39.840 |        244.30
    1 |       1 |         168 |          25 |    36.517 |        246.70
    1 |       1 |         180 |          25 |    34.088 |        248.77
    1 |       1 |         192 |          25 |    31.976 |        252.48
    1 |       1 |         240 |          25 |    52.343 |        237.53
    1 |       1 |         264 |          25 |    47.486 |        239.79
    1 |       1 |         288 |          25 |    43.287 |        242.15
    1 |       1 |         336 |          25 |    36.758 |        250.53
    1 |       1 |         360 |          25 |    33.885 |        253.59
    1 |       1 |         384 |          25 |    31.924 |        257.28
    1 |       1 |         408 |          25 |    30.180 |        260.86
    1 |       1 |         480 |          25 |    25.976 |        266.70
    1 |       1 |         528 |          25 |    23.422 |        264.77
    1 |       1 |         600 |          25 |    20.891 |        278.20
    1 |       1 |         648 |          25 |    19.406 |        282.49
    1 |       1 |         672 |          25 |    18.678 |        283.87
    1 |       1 |         696 |          25 |    17.983 |        285.55
    1 |       1 |         720 |          25 |    17.313 |        286.74
    1 |       1 |         744 |          25 |    17.029 |        302.96
    1 |       1 |         768 |          25 |    16.589 |        308.79
    1 |       1 |         816 |          25 |    15.572 |        309.79
    1 |       1 |         864 |          25 |    14.848 |        325.73
    1 |       1 |         912 |          25 |    14.258 |        349.09
    1 |       1 |         960 |          25 |    13.445 |        374.64
    1 |       1 |        1008 |          25 |    13.110 |        383.04
    1 |       2 |          30 |          25 |    46.849 |        237.74
    1 |       2 |          48 |          25 |    29.008 |        252.08
    1 |       2 |          60 |          25 |    46.987 |        237.45
    1 |       2 |          72 |          25 |    38.840 |        241.56
    1 |       2 |          84 |          25 |    33.273 |        245.59
    1 |       2 |          96 |          25 |    29.032 |        251.94
    1 |       2 |         120 |          25 |    47.073 |        237.56
    1 |       2 |         132 |          25 |    42.541 |        239.93
    1 |       2 |         144 |          25 |    38.892 |        241.59
    1 |       2 |         156 |          25 |    35.919 |        244.29
    1 |       2 |         168 |          25 |    33.197 |        246.55
    1 |       2 |         180 |          25 |    30.980 |        249.08
    1 |       2 |         192 |          25 |    29.055 |        251.21
    1 |       2 |         240 |          25 |    46.814 |        237.61
    1 |       2 |         264 |          25 |    42.507 |        239.51
    1 |       2 |         288 |          25 |    38.904 |        241.72
    1 |       2 |         336 |          25 |    33.249 |        248.88
    1 |       2 |         360 |          25 |    31.139 |        253.26
    1 |       2 |         384 |          25 |    29.079 |        256.89
    1 |       2 |         408 |          25 |    27.287 |        260.35
    1 |       2 |         480 |          25 |    23.495 |        266.29
    1 |       2 |         528 |          25 |    21.408 |        270.73
    1 |       2 |         600 |          25 |    18.878 |        285.06
    1 |       2 |         648 |          25 |    17.593 |        291.96
    1 |       2 |         672 |          25 |    17.075 |        293.91
    1 |       2 |         696 |          25 |    16.500 |        296.78
    1 |       2 |         720 |          25 |    15.833 |        299.22
    1 |       2 |         744 |          25 |    15.491 |        311.47
    1 |       2 |         768 |          25 |    14.935 |        313.80
    1 |       2 |         816 |          25 |    14.157 |        320.31
    1 |       2 |         864 |          25 |    13.505 |        324.75
    1 |       2 |         912 |          25 |    12.898 |        350.53
    1 |       2 |         960 |          25 |    12.248 |        374.86
    1 |       2 |        1008 |          25 |    11.789 |        382.59
    2 |       1 |          30 |          25 |    25.562 |        246.53
    2 |       1 |          48 |          25 |    16.224 |        270.12
    2 |       1 |          60 |          25 |    26.335 |        247.22
    2 |       1 |          72 |          25 |    21.344 |        255.44
    2 |       1 |          84 |          25 |    23.709 |        253.61
    2 |       1 |          96 |          25 |    16.216 |        268.91
    2 |       1 |         120 |          25 |    25.520 |        247.67
    2 |       1 |         132 |          25 |    23.197 |        251.19
    2 |       1 |         144 |          25 |    20.662 |        254.61
    2 |       1 |         156 |          25 |    20.051 |        259.51
    2 |       1 |         168 |          25 |    18.574 |        263.06
    2 |       1 |         180 |          25 |    17.374 |        266.85
    2 |       1 |         192 |          25 |    19.629 |        261.07
    2 |       1 |         240 |          25 |    24.758 |        247.44
    2 |       1 |         264 |          25 |    23.927 |        250.47
    2 |       1 |         288 |          25 |    21.844 |        254.61
    2 |       1 |         336 |          25 |    18.149 |        267.67
    2 |       1 |         360 |          25 |    17.387 |        271.45
    2 |       1 |         384 |          25 |    16.240 |        273.07
    2 |       1 |         408 |          25 |    14.965 |        271.96
    2 |       1 |         480 |          25 |    12.848 |        278.32
    2 |       1 |         528 |          25 |    11.902 |        288.32
    2 |       1 |         600 |          25 |    10.386 |        304.99
    2 |       1 |         648 |          25 |     9.613 |        314.78
    2 |       1 |         672 |          25 |     9.409 |        317.46
    2 |       1 |         696 |          25 |     9.078 |        322.75
    2 |       1 |         720 |          25 |     8.799 |        323.32
    2 |       1 |         744 |          25 |     8.532 |        348.61
    2 |       1 |         768 |          25 |     8.254 |        353.81
    2 |       1 |         816 |          25 |     7.777 |        362.89
    2 |       1 |         864 |          25 |     7.523 |        369.54
    2 |       1 |         912 |          25 |     7.066 |        407.46
    2 |       1 |         960 |          25 |     6.754 |        428.38
    2 |       1 |        1008 |          25 |     6.404 |        444.17
    2 |       2 |          30 |          25 |    28.614 |        242.21
    2 |       2 |          48 |          25 |    17.683 |        259.65
    2 |       2 |          60 |          25 |    28.200 |        241.82
    2 |       2 |          72 |          25 |    23.910 |        247.36
    2 |       2 |          84 |          25 |    20.174 |        254.16
    2 |       2 |          96 |          25 |    17.931 |        258.68
    2 |       2 |         120 |          25 |    28.285 |        242.00
    2 |       2 |         132 |          25 |    25.997 |        244.73
    2 |       2 |         144 |          25 |    23.215 |        248.17
    2 |       2 |         156 |          25 |    22.011 |        250.77
    2 |       2 |         168 |          25 |    20.513 |        254.98
    2 |       2 |         180 |          25 |    18.796 |        256.19
    2 |       2 |         192 |          25 |    17.620 |        259.99
    2 |       2 |         240 |          25 |    28.840 |        241.35
    2 |       2 |         264 |          25 |    25.952 |        244.50
    2 |       2 |         288 |          25 |    24.093 |        246.02
    2 |       2 |         336 |          25 |    20.174 |        258.59
    2 |       2 |         360 |          25 |    19.144 |        260.71
    2 |       2 |         384 |          25 |    17.886 |        261.81
    2 |       2 |         408 |          25 |    16.946 |        263.34
    2 |       2 |         480 |          25 |    14.456 |        269.89
    2 |       2 |         528 |          25 |    13.687 |        276.14
    2 |       2 |         600 |          25 |    11.901 |        291.61
    2 |       2 |         648 |          25 |    11.204 |        298.64
    2 |       2 |         672 |          25 |    10.963 |        298.28
    2 |       2 |         696 |          25 |    10.457 |        302.22
    2 |       2 |         720 |          25 |    10.057 |        305.04
    2 |       2 |         744 |          25 |     9.692 |        328.83
    2 |       2 |         768 |          25 |     9.651 |        329.89
    2 |       2 |         816 |          25 |     9.176 |        336.42
    2 |       2 |         864 |          25 |     8.652 |        344.10
    2 |       2 |         912 |          25 |     8.428 |        367.17
    2 |       2 |         960 |          25 |     8.049 |        393.33
    2 |       2 |        1008 |          25 |     7.672 |        407.16
    1 |       1 |          30 |          50 |   104.791 |        238.16
    1 |       1 |          48 |          50 |    64.500 |        252.21
    1 |       1 |          60 |          50 |   104.928 |        238.23
    1 |       1 |          72 |          50 |    87.088 |        242.64
    1 |       1 |          84 |          50 |    73.381 |        246.07
    1 |       1 |          96 |          50 |    64.499 |        252.08
    1 |       1 |         120 |          50 |   105.147 |        238.06
    1 |       1 |         132 |          50 |    94.304 |        240.56
    1 |       1 |         144 |          50 |    86.413 |        241.93
    1 |       1 |         156 |          50 |    80.274 |        244.01
    1 |       1 |         168 |          50 |    73.386 |        246.79
    1 |       1 |         180 |          50 |    68.303 |        249.93
    1 |       1 |         192 |          50 |    64.179 |        252.23
    1 |       1 |         240 |          50 |   105.296 |        237.73
    1 |       1 |         264 |          50 |    94.205 |        240.17
    1 |       1 |         288 |          50 |    86.486 |        242.31
    1 |       1 |         336 |          50 |    72.922 |        249.74
    1 |       1 |         360 |          50 |    68.311 |        253.68
    1 |       1 |         384 |          50 |    64.170 |        258.12
    1 |       1 |         408 |          50 |    60.383 |        261.22
    1 |       1 |         480 |          50 |    51.977 |        268.57
    1 |       1 |         528 |          50 |    46.910 |        271.40
    1 |       1 |         600 |          50 |    41.443 |        285.58
    1 |       1 |         648 |          50 |    38.657 |        292.40
    1 |       1 |         672 |          50 |    37.439 |        295.45
    1 |       1 |         696 |          50 |    36.076 |        297.37
    1 |       1 |         720 |          50 |    35.382 |        300.19
    1 |       1 |         744 |          50 |    33.943 |        313.03
    1 |       1 |         768 |          50 |    33.038 |        315.34
    1 |       1 |         816 |          50 |    31.235 |        322.73
    1 |       1 |         864 |          50 |    29.842 |        326.98
    1 |       1 |         912 |          50 |    28.852 |        352.63
    1 |       1 |         960 |          50 |    27.349 |        375.51
    1 |       1 |        1008 |          50 |    26.090 |        383.03
    1 |       2 |          30 |          50 |    93.519 |        237.93
    1 |       2 |          48 |          50 |    57.977 |        252.00
    1 |       2 |          60 |          50 |    93.376 |        237.98
    1 |       2 |          72 |          50 |    77.695 |        242.07
    1 |       2 |          84 |          50 |    66.337 |        245.91
    1 |       2 |          96 |          50 |    58.005 |        252.35
    1 |       2 |         120 |          50 |    93.509 |        237.99
    1 |       2 |         132 |          50 |    84.905 |        239.49
    1 |       2 |         144 |          50 |    77.521 |        241.90
    1 |       2 |         156 |          50 |    71.380 |        244.42
    1 |       2 |         168 |          50 |    75.213 |        247.39
    1 |       2 |         180 |          50 |    72.518 |        254.54
    1 |       2 |         192 |          50 |    61.112 |        251.92
    1 |       2 |         240 |          50 |    98.101 |        237.49
    1 |       2 |         264 |          50 |    89.879 |        241.34
    1 |       2 |         288 |          50 |    81.729 |        241.98
    1 |       2 |         336 |          50 |    70.281 |        250.03
    1 |       2 |         360 |          50 |    61.943 |        253.99
    1 |       2 |         384 |          50 |    57.928 |        257.47
    1 |       2 |         408 |          50 |    54.600 |        260.22
    1 |       2 |         480 |          50 |    46.971 |        266.16
    1 |       2 |         528 |          50 |    42.814 |        271.02
    1 |       2 |         600 |          50 |    37.981 |        285.15
    1 |       2 |         648 |          50 |    35.224 |        291.85
    1 |       2 |         672 |          50 |    34.035 |        294.11
    1 |       2 |         696 |          50 |    32.964 |        296.92
    1 |       2 |         720 |          50 |    31.854 |        299.26
    1 |       2 |         744 |          50 |    30.973 |        311.41
    1 |       2 |         768 |          50 |    29.970 |        315.26
    1 |       2 |         816 |          50 |    28.391 |        320.14
    1 |       2 |         864 |          50 |    27.120 |        325.79
    1 |       2 |         912 |          50 |    25.820 |        351.61
    1 |       2 |         960 |          50 |    24.529 |        374.95
    1 |       2 |        1008 |          50 |    23.643 |        381.76
    2 |       1 |          30 |          50 |    50.912 |        247.01
    2 |       1 |          48 |          50 |    31.884 |        269.30
    2 |       1 |          60 |          50 |    51.581 |        247.32
    2 |       1 |          72 |          50 |    41.279 |        254.86
    2 |       1 |          84 |          50 |    36.967 |        263.38
    2 |       1 |          96 |          50 |    32.309 |        269.40
    2 |       1 |         120 |          50 |    52.343 |        246.13
    2 |       1 |         132 |          50 |    47.526 |        250.65
    2 |       1 |         144 |          50 |    43.427 |        254.63
    2 |       1 |         156 |          50 |    39.007 |        259.65
    2 |       1 |         168 |          50 |    36.172 |        263.05
    2 |       1 |         180 |          50 |    34.614 |        266.36
    2 |       1 |         192 |          50 |    31.660 |        269.37
    2 |       1 |         240 |          50 |    52.416 |        246.06
    2 |       1 |         264 |          50 |    46.087 |        250.43
    2 |       1 |         288 |          50 |    43.441 |        254.94
    2 |       1 |         336 |          50 |    36.195 |        268.22
    2 |       1 |         360 |          50 |    34.528 |        271.38
    2 |       1 |         384 |          50 |    31.735 |        272.48
    2 |       1 |         408 |          50 |    30.393 |        273.44
    2 |       1 |         480 |          50 |    25.678 |        280.27
    2 |       1 |         528 |          50 |    23.372 |        290.13
    2 |       1 |         600 |          50 |    20.916 |        306.54
    2 |       1 |         648 |          50 |    18.993 |        314.85
    2 |       1 |         672 |          50 |    18.752 |        317.15
    2 |       1 |         696 |          50 |    17.954 |        321.82
    2 |       1 |         720 |          50 |    17.343 |        325.25
    2 |       1 |         744 |          50 |    16.861 |        349.30
    2 |       1 |         768 |          50 |    16.526 |        353.56
    2 |       1 |         816 |          50 |    15.287 |        365.59
    2 |       1 |         864 |          50 |    14.782 |        371.57
    2 |       1 |         912 |          50 |    14.043 |        406.06
    2 |       1 |         960 |          50 |    13.518 |        433.64
    2 |       1 |        1008 |          50 |    12.811 |        447.82
    2 |       2 |          30 |          50 |    56.635 |        242.78
    2 |       2 |          48 |          50 |    34.924 |        260.91
    2 |       2 |          60 |          50 |    55.357 |        243.28
    2 |       2 |          72 |          50 |    47.312 |        247.61
    2 |       2 |          84 |          50 |    40.718 |        255.24
    2 |       2 |          96 |          50 |    36.097 |        258.88
    2 |       2 |         120 |          50 |    57.495 |        241.70
    2 |       2 |         132 |          50 |    51.258 |        244.79
    2 |       2 |         144 |          50 |    46.971 |        248.30
    2 |       2 |         156 |          50 |    43.322 |        251.59
    2 |       2 |         168 |          50 |    41.170 |        252.71
    2 |       2 |         180 |          50 |    38.001 |        256.59
    2 |       2 |         192 |          50 |    35.189 |        260.33
    2 |       2 |         240 |          50 |    57.258 |        241.43
    2 |       2 |         264 |          50 |    51.731 |        244.78
    2 |       2 |         288 |          50 |    47.677 |        247.42
    2 |       2 |         336 |          50 |    40.709 |        258.39
    2 |       2 |         360 |          50 |    37.890 |        260.79
    2 |       2 |         384 |          50 |    35.748 |        262.57
    2 |       2 |         408 |          50 |    34.305 |        263.55
    2 |       2 |         480 |          50 |    29.295 |        269.25
    2 |       2 |         528 |          50 |    26.965 |        275.53
    2 |       2 |         600 |          50 |    23.648 |        294.64
    2 |       2 |         648 |          50 |    22.556 |        297.28
    2 |       2 |         672 |          50 |    21.805 |        300.53
    2 |       2 |         696 |          50 |    20.776 |        302.76
    2 |       2 |         720 |          50 |    20.427 |        304.77
    2 |       2 |         744 |          50 |    20.034 |        325.08
    2 |       2 |         768 |          50 |    19.384 |        331.10
    2 |       2 |         816 |          50 |    18.480 |        337.14
    2 |       2 |         864 |          50 |    17.401 |        344.69
    2 |       2 |         912 |          50 |    16.648 |        372.52
    2 |       2 |         960 |          50 |    16.015 |        393.63
    2 |       2 |        1008 |          50 |    15.779 |        397.90
    1 |       1 |          30 |         100 |   207.971 |        238.06
    1 |       1 |          48 |         100 |   126.563 |        252.23
    1 |       1 |          60 |         100 |   207.383 |        237.53
    1 |       1 |          72 |         100 |   170.431 |        242.23
    1 |       1 |          84 |         100 |   144.913 |        246.72
    1 |       1 |          96 |         100 |   126.678 |        252.84
    1 |       1 |         120 |         100 |   208.745 |        237.93
    1 |       1 |         132 |         100 |   185.908 |        239.81
    1 |       1 |         144 |         100 |   171.174 |        242.61
    1 |       1 |         156 |         100 |   156.702 |        244.57
    1 |       1 |         168 |         100 |   144.636 |        246.53
    1 |       1 |         180 |         100 |   134.882 |        249.46
    1 |       1 |         192 |         100 |   126.590 |        252.04
    1 |       1 |         240 |         100 |   206.285 |        237.84
    1 |       1 |         264 |         100 |   186.510 |        240.14
    1 |       1 |         288 |         100 |   170.745 |        242.42
    1 |       1 |         336 |         100 |   145.076 |        250.55
    1 |       1 |         360 |         100 |   134.507 |        254.00
    1 |       1 |         384 |         100 |   127.012 |        257.29
    1 |       1 |         408 |         100 |   119.117 |        260.91
    1 |       1 |         480 |         100 |   102.298 |        267.26
    1 |       1 |         528 |         100 |    92.944 |        271.38
    1 |       1 |         600 |         100 |    81.957 |        286.07
    1 |       1 |         648 |         100 |    76.101 |        293.45
    1 |       1 |         672 |         100 |    74.445 |        294.89
    1 |       1 |         696 |         100 |    71.737 |        297.02
    1 |       1 |         720 |         100 |    69.115 |        299.54
    1 |       1 |         744 |         100 |    67.552 |        312.96
    1 |       1 |         768 |         100 |    65.626 |        316.07
    1 |       1 |         816 |         100 |    61.515 |        322.04
    1 |       1 |         864 |         100 |    58.190 |        325.55
    1 |       1 |         912 |         100 |    55.777 |        353.07
    1 |       1 |         960 |         100 |    53.106 |        376.38
    1 |       1 |        1008 |         100 |    51.754 |        382.45
    1 |       2 |          30 |         100 |   184.537 |        237.68
    1 |       2 |          48 |         100 |   114.655 |        251.32
    1 |       2 |          60 |         100 |   184.639 |        237.52
    1 |       2 |          72 |         100 |   153.180 |        241.87
    1 |       2 |          84 |         100 |   130.899 |        245.61
    1 |       2 |          96 |         100 |   114.734 |        251.40
    1 |       2 |         120 |         100 |   184.544 |        237.54
    1 |       2 |         132 |         100 |   167.544 |        239.79
    1 |       2 |         144 |         100 |   153.408 |        242.22
    1 |       2 |         156 |         100 |   141.413 |        243.79
    1 |       2 |         168 |         100 |   130.988 |        246.11
    1 |       2 |         180 |         100 |   122.177 |        248.29
    1 |       2 |         192 |         100 |   114.412 |        251.24
    1 |       2 |         240 |         100 |   184.818 |        237.49
    1 |       2 |         264 |         100 |   167.679 |        239.50
    1 |       2 |         288 |         100 |   152.876 |        241.91
    1 |       2 |         336 |         100 |   130.978 |        248.71
    1 |       2 |         360 |         100 |   122.243 |        253.15
    1 |       2 |         384 |         100 |   114.890 |        256.93
    1 |       2 |         408 |         100 |   108.077 |        259.94
    1 |       2 |         480 |         100 |    93.120 |        266.72
    1 |       2 |         528 |         100 |    85.034 |        271.01
    1 |       2 |         600 |         100 |    75.194 |        284.96
    1 |       2 |         648 |         100 |    69.969 |        291.50
    1 |       2 |         672 |         100 |    67.494 |        293.75
    1 |       2 |         696 |         100 |    65.322 |        296.73
    1 |       2 |         720 |         100 |    63.429 |        298.98
    1 |       2 |         744 |         100 |    61.366 |        311.40
    1 |       2 |         768 |         100 |    59.594 |        314.79
    1 |       2 |         816 |         100 |    56.384 |        320.01
    1 |       2 |         864 |         100 |    53.968 |        324.76
    1 |       2 |         912 |         100 |    51.356 |        351.55
    1 |       2 |         960 |         100 |    49.117 |        374.74
    1 |       2 |        1008 |         100 |    46.912 |        381.82
    2 |       1 |         240 |         100 |   103.909 |        248.78
    2 |       1 |         264 |         100 |    88.550 |        249.11
    2 |       1 |         288 |         100 |    85.678 |        254.93
    2 |       1 |         336 |         100 |    70.040 |        266.48
    2 |       1 |         360 |         100 |    67.944 |        270.29
    2 |       1 |         384 |         100 |    61.139 |        271.21
    2 |       1 |         408 |         100 |    59.851 |        273.52
    2 |       1 |         480 |         100 |    51.350 |        279.07
    2 |       1 |         528 |         100 |    45.504 |        280.19
    2 |       1 |         600 |         100 |    41.431 |        299.49
    2 |       1 |         648 |         100 |    38.212 |        304.96
    2 |       1 |         672 |         100 |    36.548 |        307.79
    2 |       1 |         696 |         100 |    35.871 |        323.01
    2 |       1 |         720 |         100 |    33.877 |        324.65
    2 |       1 |         744 |         100 |    33.521 |        350.38
    2 |       1 |         768 |         100 |    32.699 |        354.82
    2 |       1 |         816 |         100 |    30.373 |        364.45
    2 |       1 |         864 |         100 |    28.964 |        371.04
    2 |       1 |         912 |         100 |    27.903 |        405.37
    2 |       1 |         960 |         100 |    26.308 |        433.73
    2 |       1 |        1008 |         100 |    25.351 |        443.69
